1 0 1170
2 1170 1181
3 2351 7260
4 9611 2359
5 11970 2117
6 14087 7064
7 21151 4124
8 25275 926
9 26201 2001
10 28202 3312
11 31514 1985
12 33499 2500
13 35999 1303
14 37302 3619
15 40921 5138
16 46059 4984
17 51043 6761
18 57804 3932
19 61736 906
20 62642 4643
21 67285 4447
22 71732 581
23 72313 1122
24 73435 1716
25 75151 3973
26 79124 4055
27 83179 5605
28 88784 3070
29 91854 2355
30 94209 3458
31 97667 898
32 98565 8832
33 107397 995
34 108392 3287
35 111679 2546
36 114225 2795
37 117020 3626
38 120646 2781
39 123427 6186
40 129613 2273
41 131886 2183
42 134069 4703
43 138772 1564
44 140336 5802
45 146138 4203
46 150341 6078
47 156419 6975
48 163394 5116
49 168510 1992
50 170502 1435
51 171937 3135
52 175072 7395
53 182467 2918
54 185385 3881
55 189266 3286
56 192552 2785
57 195337 11387
58 206724 1157
59 207881 9893
60 217774 2391
61 220165 2913
62 223078 2532
63 225610 2569
64 228179 1489
65 229668 1297
66 230965 3222
67 234187 12969
68 247156 1418
69 248574 4179
70 252753 1471
71 254224 635
72 254859 11953
73 266812 2067
74 268879 3702
75 272581 4018
76 276599 10268
77 286867 2267
78 289134 1194
79 290328 1033
80 291361 1548
81 292909 2226
82 295135 10625
83 305760 4635
84 310395 7397
85 317792 5183
86 322975 6017
87 328992 1893
88 330885 5595
89 336480 1793
90 338273 1839
91 340112 7308
92 347420 4729
93 352149 1770
94 353919 2298
95 356217 3028
96 359245 2809
97 362054 4403
98 366457 9803
99 376260 2921
100 379181 11905
101 391086 12228
102 403314 2816
103 406130 1743
104 407873 1827
105 409700 2905
106 412605 3109
107 415714 2529
108 418243 3295
109 421538 2442
110 423980 3405
111 427385 12638
112 440023 7076
113 447099 10958
114 458057 10587
115 468644 4407
116 473051 12654
117 485705 12420
118 498125 3303
119 501428 2031
120 503459 3515
121 506974 1958
122 508932 3443
123 512375 3668
124 516043 2480
125 518523 1900
126 520423 5627
127 526050 2115
128 528165 1582
129 529747 2741
130 532488 3988
131 536476 2165
132 538641 1768
133 540409 3223
134 543632 9278
135 552910 3742
136 556652 4674
137 561326 9236
138 570562 4217
139 574779 3557
140 578336 2921
141 581257 4185
142 585442 4188
143 589630 2306
144 591936 3007
145 594943 1980
146 596923 7366
147 604289 3751
148 608040 2466
149 610506 2136
150 612642 4014
151 616656 6093
152 622749 2451
153 625200 6233
154 631433 2990
155 634423 3972
156 638395 1936
157 640331 1893
158 642224 2186
159 644410 1804
160 646214 5694
161 651908 3350
162 655258 4281
163 659539 3280
164 662819 2830
165 665649 3769
166 669418 2556
167 671974 4322
168 676296 52629
169 728925 3994
170 732919 5220
171 738139 7335
172 745474 3316
173 748790 3479
174 752269 3637
175 755906 7351
176 763257 2045
177 765302 2771
178 768073 3942
179 772015 2632
180 774647 1170
181 775817 2588
182 778405 5629
183 784034 5700
184 789734 3500
185 793234 4253
186 797487 2819
187 800306 5870
188 806176 2707
189 808883 4553
190 813436 1234
191 814670 6304
192 820974 1484
193 822458 1233
194 823691 2179
195 825870 8163
196 834033 3644
197 837677 2717
198 840394 2117
199 842511 3218
200 845729 7393
201 853122 1086
202 854208 1059
203 855267 1250
204 856517 1131
205 857648 6959
206 864607 3829
207 868436 6027
208 874463 9525
209 883988 7848
210 891836 5965
211 897801 1619
212 899420 816
213 900236 3550
214 903786 11899
215 915685 3115
216 918800 2449
217 921249 6353
218 927602 1403
219 929005 5142
220 934147 911
221 935058 2713
222 937771 1928
223 939699 1553
224 941252 3908
225 945160 4665
226 949825 4085
227 953910 6631
228 960541 6904
229 967445 5428
230 972873 3087
231 975960 2192
232 978152 1172
233 979324 875
234 980199 2825
235 983024 7031
236 990055 1944
237 991999 1871
238 993870 8790
239 1002660 1274
240 1003934 3011
241 1006945 2708
242 1009653 1625
243 1011278 925
244 1012203 5515
245 1017718 7321
246 1025039 12868
247 1037907 1270
248 1039177 2521
249 1041698 1151
250 1042849 2353
251 1045202 5643
252 1050845 2972
253 1053817 3254
254 1057071 22515
255 1079586 2920
256 1082506 1718
257 1084224 2728
258 1086952 1906
259 1088858 2204
260 1091062 7720
261 1098782 5371
262 1104153 13632
263 1117785 2997
264 1120782 1905
265 1122687 1548
266 1124235 3298
267 1127533 1569
268 1129102 4620
269 1133722 1225
270 1134947 1496
271 1136443 2854
272 1139297 2119
273 1141416 4945
274 1146361 589
275 1146950 1015
276 1147965 7979
277 1155944 5558
278 1161502 7171
279 1168673 5025
280 1173698 4181
281 1177879 3071
282 1180950 37821
283 1218771 4248
284 1223019 8450
285 1231469 2984
286 1234453 2126
287 1236579 5227
288 1241806 1367
289 1243173 2883
290 1246056 739
291 1246795 745
292 1247540 805
293 1248345 783
294 1249128 807
295 1249935 843
296 1250778 841
297 1251619 5568
298 1257187 1448
299 1258635 15150
300 1273785 1221
301 1275006 1431
302 1276437 5618
303 1282055 2665
304 1284720 3264
305 1287984 7466
306 1295450 6792
307 1302242 10397
308 1312639 13492
309 1326131 2274
310 1328405 7151
311 1335556 7375
312 1342931 11262
313 1354193 8243
314 1362436 6682
315 1369118 1356
316 1370474 5174
317 1375648 11250
318 1386898 5972
319 1392870 3496
320 1396366 2359
321 1398725 2278
322 1401003 2596
323 1403599 2144
324 1405743 1738
325 1407481 1728
326 1409209 1981
327 1411190 1957
328 1413147 4131
329 1417278 3086
330 1420364 17969
331 1438333 4094
332 1442427 9542
333 1451969 4080
334 1456049 3920
335 1459969 7142
336 1467111 3378
337 1470489 4090
338 1474579 3628
339 1478207 11117
340 1489324 1604
341 1490928 2160
342 1493088 6133
343 1499221 1585
344 1500806 2073
345 1502879 2068
346 1504947 3816
347 1508763 9629
348 1518392 8661
349 1527053 3764
350 1530817 12005
351 1542822 1918
352 1544740 1180
353 1545920 1965
354 1547885 4488
355 1552373 4612
356 1556985 18249
357 1575234 8222
358 1583456 4022
359 1587478 4033
360 1591511 1489
361 1593000 5283
362 1598283 990
363 1599273 682
364 1599955 8282
365 1608237 3719
366 1611956 4029
367 1615985 3550
368 1619535 1441
369 1620976 1221
370 1622197 2422
371 1624619 13466
372 1638085 6861
373 1644946 6479
374 1651425 1954
375 1653379 1718
376 1655097 24406
377 1679503 1667
378 1681170 7162
379 1688332 6982
380 1695314 10515
381 1705829 1786
382 1707615 4023
383 1711638 2237
384 1713875 4127
385 1718002 4443
386 1722445 2538
387 1724983 4018
388 1729001 3272
389 1732273 22042
390 1754315 9234
391 1763549 4822
392 1768371 4692
393 1773063 4475
394 1777538 1683
395 1779221 4741
396 1783962 1475
397 1785437 1293
398 1786730 1610
399 1788340 8192
400 1796532 2359
401 1798891 19661
402 1818552 9944
403 1828496 6312
404 1834808 4223
405 1839031 4349
406 1843380 2202
407 1845582 18396
408 1863978 5069
409 1869047 1264
410 1870311 2218
411 1872529 1445
412 1873974 9431
413 1883405 5777
414 1889182 7157
415 1896339 4092
416 1900431 9810
417 1910241 8266
418 1918507 9258
419 1927765 5568
420 1933333 7945
421 1941278 15910
422 1957188 8509
423 1965697 5672
424 1971369 1501
425 1972870 1706
426 1974576 2303
427 1976879 1478
428 1978357 1075
429 1979432 6922
430 1986354 2263
431 1988617 9956
432 1998573 5393
433 2003966 2026
434 2005992 5790
435 2011782 5764
436 2017546 9897
437 2027443 5203
438 2032646 10467
439 2043113 4283
440 2047396 1205
441 2048601 1561
442 2050162 1432
443 2051594 10218
444 2061812 988
445 2062800 3858
446 2066658 1030
447 2067688 2418
448 2070106 13710
449 2083816 8753
450 2092569 4550
451 2097119 5276
452 2102395 5875
453 2108270 10398
454 2118668 2368
455 2121036 5874
456 2126910 3144
457 2130054 3397
458 2133451 2492
459 2135943 9374
460 2145317 4155
461 2149472 16679
462 2166151 3524
463 2169675 4076
464 2173751 4816
465 2178567 13076
466 2191643 1042
467 2192685 10511
468 2203196 8428
469 2211624 888
470 2212512 7588
471 2220100 19277
472 2239377 1204
473 2240581 8149
474 2248730 934
475 2249664 7357
476 2257021 17253
477 2274274 1853
478 2276127 5059
479 2281186 895
480 2282081 11156
481 2293237 1821
482 2295058 3997
483 2299055 3999
484 2303054 4224
485 2307278 16825
486 2324103 2027
487 2326130 12329
488 2338459 14344
489 2352803 8871
490 2361674 8078
491 2369752 4809
492 2374561 11426
493 2385987 3406
494 2389393 5005
495 2394398 4585
496 2398983 4189
497 2403172 5561
498 2408733 3452
499 2412185 4295
500 2416480 4077
501 2420557 6570
502 2427127 3806
503 2430933 5532
504 2436465 3425
505 2439890 4505
506 2444395 24368
507 2468763 2035
508 2470798 4970
509 2475768 4952
510 2480720 5055
511 2485775 4192
512 2489967 3989
513 2493956 3347
514 2497303 23998
515 2521301 5352
516 2526653 15736
517 2542389 10360
518 2552749 1878
519 2554627 5110
520 2559737 5653
521 2565390 3259
522 2568649 6459
523 2575108 7348
524 2582456 5315
525 2587771 6606
526 2594377 3933
527 2598310 6332
528 2604642 5023
529 2609665 6904
530 2616569 4234
531 2620803 8221
532 2629024 5038
533 2634062 4541
534 2638603 34053
535 2672656 1960
536 2674616 4438
537 2679054 5778
538 2684832 4166
539 2688998 2267
540 2691265 21475
541 2712740 5182
542 2717922 4800
543 2722722 4382
544 2727104 2207
545 2729311 4534
546 2733845 4299
547 2738144 5644
548 2743788 4337
549 2748125 22549
550 2770674 4710
551 2775384 3924
552 2779308 5095
553 2784403 2142
554 2786545 4585
555 2791130 5419
556 2796549 5588
557 2802137 3137
558 2805274 5168
559 2810442 5604
560 2816046 6214
561 2822260 3476
562 2825736 5247
563 2830983 4748
564 2835731 4827
565 2840558 3789
566 2844347 6851
567 2851198 4835
568 2856033 4473
569 2860506 2297
570 2862803 25041
571 2887844 4780
572 2892624 5085
573 2897709 9498
574 2907207 10303
575 2917510 4183
576 2921693 4334
577 2926027 3929
578 2929956 5932
579 2935888 24236
580 2960124 5155
581 2965279 5168
582 2970447 5558
583 2976005 3987
584 2979992 3311
585 2983303 3874
586 2987177 4621
587 2991798 4900
588 2996698 19095
589 3015793 2338
590 3018131 4719
591 3022850 8030
592 3030880 7917
593 3038797 5070
594 3043867 7576
595 3051443 5102
596 3056545 5884
597 3062429 6223
598 3068652 3873
599 3072525 7690
600 3080215 4741
601 3084956 4493
602 3089449 3625
603 3093074 7432
604 3100506 5073
605 3105579 5081
606 3110660 23898
607 3134558 2316
608 3136874 3823
609 3140697 6762
610 3147459 4751
611 3152210 4974
612 3157184 3498
613 3160682 15594
614 3176276 4808
615 3181084 4031
616 3185115 4098
617 3189213 4605
618 3193818 9070
619 3202888 4150
620 3207038 4540
621 3211578 4597
622 3216175 3022
623 3219197 9021
624 3228218 8261
625 3236479 2371
626 3238850 3779
627 3242629 5227
628 3247856 5201
629 3253057 4903
630 3257960 19075
631 3277035 4773
632 3281808 6404
633 3288212 2726
634 3290938 3430
635 3294368 5206
636 3299574 2805
637 3302379 11015
638 3313394 4476
639 3317870 5715
640 3323585 4320
641 3327905 3299
642 3331204 6034
643 3337238 4816
644 3342054 4314
645 3346368 3942
646 3350310 5467
647 3355777 4745
648 3360522 5734
649 3366256 22476
650 3388732 4496
651 3393228 4387
652 3397615 5275
653 3402890 2584
654 3405474 4377
655 3409851 3722
656 3413573 4352
657 3417925 6254
658 3424179 27016
659 3451195 5347
660 3456542 5170
661 3461712 16058
662 3477770 2175
663 3479945 2540
664 3482485 4108
665 3486593 3190
666 3489783 4199
667 3493982 3622
668 3497604 10990
669 3508594 10437
670 3519031 5479
671 3524510 13146
672 3537656 4805
673 3542461 5754
674 3548215 7628
675 3555843 7851
676 3563694 5381
677 3569075 7498
678 3576573 4511
679 3581084 3540
680 3584624 4474
681 3589098 6727
682 3595825 4963
683 3600788 32161
684 3632949 2268
685 3635217 13210
686 3648427 11108
687 3659535 7218
688 3666753 3637
689 3670390 12632
690 3683022 4461
691 3687483 2955
692 3690438 8502
693 3698940 2724
694 3701664 3300
695 3704964 2295
696 3707259 4459
697 3711718 16517
698 3728235 4312
699 3732547 7327
700 3739874 4372
701 3744246 1985
702 3746231 5658
703 3751889 21933
704 3773822 2334
705 3776156 1959
706 3778115 2476
707 3780591 2845
708 3783436 18703
709 3802139 4331
710 3806470 6591
711 3813061 9951
712 3823012 4694
713 3827706 4514
714 3832220 3860
715 3836080 1957
716 3838037 6867
717 3844904 2767
718 3847671 5095
719 3852766 3348
720 3856114 7249
721 3863363 3653
722 3867016 4928
723 3871944 7088
724 3879032 4678
725 3883710 5749
726 3889459 4426
727 3893885 22686
728 3916571 4674
729 3921245 3849
730 3925094 13556
731 3938650 2101
732 3940751 2096
733 3942847 2191
734 3945038 3029
735 3948067 1755
736 3949822 19697
737 3969519 4525
738 3974044 3836
739 3977880 4855
740 3982735 2720
741 3985455 2521
742 3987976 2287
743 3990263 2994
744 3993257 2422
745 3995679 3017
746 3998696 23019
747 4021715 4548
748 4026263 7378
749 4033641 2292
750 4035933 4113
751 4040046 2023
752 4042069 2070
753 4044139 3847
754 4047986 6201
755 4054187 5896
756 4060083 4434
757 4064517 4792
758 4069309 5376
759 4074685 3907
760 4078592 4884
761 4083476 4607
762 4088083 24794
763 4112877 4163
764 4117040 4163
765 4121203 4677
766 4125880 2706
767 4128586 2479
768 4131065 2479
769 4133544 2913
770 4136457 16877
771 4153334 4524
772 4157858 4527
773 4162385 2146
774 4164531 8406
775 4172937 2449
776 4175386 2933
777 4178319 2847
778 4181166 2907
779 4184073 20729
780 4204802 5478
781 4210280 4213
782 4214493 10415
783 4224908 11221
784 4236129 2332
785 4238461 4586
786 4243047 2918
787 4245965 5272
788 4251237 4099
789 4255336 6669
790 4262005 6877
791 4268882 3524
792 4272406 4267
793 4276673 3219
794 4279892 4828
795 4284720 2002
796 4286722 5170
797 4291892 24041
798 4315933 2244
799 4318177 4035
800 4322212 4304
801 4326516 209
802 4326725 2464
803 4329189 15658
804 4344847 3201
805 4348048 4253
806 4352301 2744
807 4355045 2539
808 4357584 21514
809 4379098 4221
810 4383319 16593
811 4399912 4078
812 4403990 4296
813 4408286 17191
814 4425477 4643
815 4430120 2144
816 4432264 13064
817 4445328 9827
818 4455155 5305
819 4460460 5610
820 4466070 3047
821 4469117 4297
822 4473414 9044
823 4482458 5653
824 4488111 5215
825 4493326 7149
826 4500475 6884
827 4507359 6695
828 4514054 5246
829 4519300 29561
830 4548861 3336
831 4552197 3982
832 4556179 5563
833 4561742 2715
834 4564457 7669
835 4572126 1985
836 4574111 2363
837 4576474 3064
838 4579538 4433
839 4583971 3088
840 4587059 2707
841 4589766 3861
842 4593627 2978
843 4596605 21311
844 4617916 5762
845 4623678 7519
846 4631197 4222
847 4635419 4700
848 4640119 1993
849 4642112 6266
850 4648378 2923
851 4651301 2532
852 4653833 2269
853 4656102 3133
854 4659235 13918
855 4673153 4277
856 4677430 4708
857 4682138 1881
858 4684019 4549
859 4688568 5680
860 4694248 2334
861 4696582 2482
862 4699064 4686
863 4703750 3635
864 4707385 9188
865 4716573 7570
866 4724143 4208
867 4728351 5334
868 4733685 3053
869 4736738 16020
870 4752758 5041
871 4757799 6183
872 4763982 4418
873 4768400 2320
874 4770720 2742
875 4773462 2066
876 4775528 2918
877 4778446 2530
878 4780976 13058
879 4794034 4780
880 4798814 4879
881 4803693 7358
882 4811051 2084
883 4813135 6313
884 4819448 12425
885 4831873 5937
886 4837810 5306
887 4843116 7449
888 4850565 2301
889 4852866 2524
890 4855390 2789
891 4858179 17573
892 4875752 4139
893 4879891 5296
894 4885187 2403
895 4887590 2385
896 4889975 6510
897 4896485 7264
898 4903749 4697
899 4908446 3682
900 4912128 1920
901 4914048 4106
902 4918154 4548
903 4922702 2746
904 4925448 5208
905 4930656 2211
906 4932867 22517
907 4955384 4016
908 4959400 3744
909 4963144 4158
910 4967302 2817
911 4970119 2503
912 4972622 17063
913 4989685 5113
914 4994798 3372
915 4998170 2222
916 5000392 1632
917 5002024 2579
918 5004603 3577
919 5008180 14626
920 5022806 3865
921 5026671 12992
922 5039663 4657
923 5044320 3475
924 5047795 2162
925 5049957 5355
926 5055312 1993
927 5057305 2519
928 5059824 15000
929 5074824 3776
930 5078600 4660
931 5083260 3591
932 5086851 2532
933 5089383 2830
934 5092213 4709
935 5096922 8312
936 5105234 6761
937 5111995 9473
938 5121468 3599
939 5125067 3822
940 5128889 3985
941 5132874 2297
942 5135171 7748
943 5142919 21640
944 5164559 9836
945 5174395 7085
946 5181480 5223
947 5186703 5232
948 5191935 6087
949 5198022 5957
950 5203979 6029
951 5210008 3617
952 5213625 4392
953 5218017 4792
954 5222809 4739
955 5227548 5074
956 5232622 4803
957 5237425 2527
958 5239952 2329
959 5242281 4728
960 5247009 21945
961 5268954 1484
962 5270438 1423
963 5271861 4762
964 5276623 2721
965 5279344 13782
966 5293126 1444
967 5294570 1526
968 5296096 7047
969 5303143 2851
970 5305994 11469
971 5317463 10018
972 5327481 1646
973 5329127 2608
974 5331735 3082
975 5334817 4023
976 5338840 10490
977 5349330 2420
978 5351750 8550
979 5360300 2466
980 5362766 1536
981 5364302 1167
982 5365469 3631
983 5369100 6637
984 5375737 3374
985 5379111 2490
986 5381601 2707
987 5384308 2863
988 5387171 4011
989 5391182 3071
990 5394253 9984
991 5404237 4606
992 5408843 2609
993 5411452 12955
994 5424407 4326
995 5428733 8134
996 5436867 3565
997 5440432 7377
998 5447809 4692
999 5452501 5159
1000 5457660 3238
1001 5460898 1440
1002 5462338 4310
1003 5466648 3422
1004 5470070 1899
1005 5471969 1900
1006 5473869 3677
1007 5477546 2676
1008 5480222 2786
1009 5483008 1123
1010 5484131 2374
1011 5486505 4634
1012 5491139 2387
1013 5493526 7171
1014 5500697 2233
1015 5502930 2783
1016 5505713 3129
1017 5508842 2728
1018 5511570 3172
1019 5514742 3384
1020 5518126 2586
1021 5520712 2881
1022 5523593 7058
1023 5530651 5457
1024 5536108 14805
1025 5550913 5796
1026 5556709 1057
1027 5557766 15717
1028 5573483 1935
1029 5575418 2655
1030 5578073 2255
1031 5580328 3498
1032 5583826 2088
1033 5585914 7073
1034 5592987 3292
1035 5596279 3406
1036 5599685 2524
1037 5602209 2016
1038 5604225 3161
1039 5607386 6128
1040 5613514 17420
1041 5630934 8504
1042 5639438 3812
1043 5643250 3391
1044 5646641 2725
1045 5649366 3711
1046 5653077 1705
1047 5654782 2795
1048 5657577 7526
1049 5665103 2066
1050 5667169 1784
1051 5668953 2179
1052 5671132 2719
1053 5673851 2539
1054 5676390 3084
1055 5679474 2509
1056 5681983 2331
1057 5684314 2549
1058 5686863 1730
1059 5688593 3827
1060 5692420 10033
1061 5702453 4414
1062 5706867 3362
1063 5710229 16049
1064 5726278 5234
1065 5731512 2821
1066 5734333 2607
1067 5736940 697
1068 5737637 2162
1069 5739799 11789
1070 5751588 26879
1071 5778467 961
1072 5779428 3715
1073 5783143 4188
1074 5787331 1498
1075 5788829 1143
1076 5789972 9583
1077 5799555 1392
1078 5800947 1290
1079 5802237 11687
1080 5813924 1481
1081 5815405 20637
1082 5836042 10692
1083 5846734 3102
1084 5849836 4248
1085 5854084 1505
1086 5855589 5018
1087 5860607 6404
1088 5867011 2036
1089 5869047 1480
1090 5870527 2671
1091 5873198 10753
1092 5883951 3524
1093 5887475 2205
1094 5889680 912
1095 5890592 1700
1096 5892292 2996
1097 5895288 4028
1098 5899316 7899
1099 5907215 1463
1100 5908678 3445
1101 5912123 1304
1102 5913427 1378
1103 5914805 1206
1104 5916011 5908
1105 5921919 956
1106 5922875 4947
1107 5927822 672
1108 5928494 9896
1109 5938390 3829
1110 5942219 1741
1111 5943960 1452
1112 5945412 7326
1113 5952738 4822
1114 5957560 1382
1115 5958942 3203
1116 5962145 2838
1117 5964983 1873
1118 5966856 5378
1119 5972234 14143
1120 5986377 1588
1121 5987965 5872
1122 5993837 3788
1123 5997625 1497
1124 5999122 1182
1125 6000304 4197
1126 6004501 8269
1127 6012770 14357
1128 6027127 1762
1129 6028889 1611
1130 6030500 1508
1131 6032008 2619
1132 6034627 2477
1133 6037104 1879
1134 6038983 1877
1135 6040860 1249
1136 6042109 1749
1137 6043858 1222
1138 6045080 8402
1139 6053482 9907
1140 6063389 1609
1141 6064998 1177
1142 6066175 5019
1143 6071194 2592
1144 6073786 1259
1145 6075045 7166
1146 6082211 1948
1147 6084159 9420
1148 6093579 2388
1149 6095967 7158
1150 6103125 4286
1151 6107411 1504
1152 6108915 8968
1153 6117883 7901
1154 6125784 10767
1155 6136551 4143
1156 6140694 2328
1157 6143022 3540
1158 6146562 4990
1159 6151552 1902
1160 6153454 1440
1161 6154894 7607
1162 6162501 1340
1163 6163841 2175
1164 6166016 2944
1165 6168960 3609
1166 6172569 2454
1167 6175023 2228
1168 6177251 8625
1169 6185876 3312
1170 6189188 2888
1171 6192076 5596
1172 6197672 1984
1173 6199656 2734
1174 6202390 5148
1175 6207538 5121
1176 6212659 4765
1177 6217424 3374
1178 6220798 9102
1179 6229900 4306
1180 6234206 4031
1181 6238237 2492
1182 6240729 3792
1183 6244521 2282
1184 6246803 2147
1185 6248950 11358
1186 6260308 6454
1187 6266762 8722
1188 6275484 6350
1189 6281834 5524
1190 6287358 9707
1191 6297065 13316
1192 6310381 7026
1193 6317407 1553
1194 6318960 1997
1195 6320957 1440
1196 6322397 5859
1197 6328256 3130
1198 6331386 753
1199 6332139 4463
1200 6336602 898
1201 6337500 3345
1202 6340845 816
1203 6341661 1022
1204 6342683 4482
1205 6347165 3886
1206 6351051 1377
1207 6352428 1966
1208 6354394 1250
1209 6355644 1738
1210 6357382 980
1211 6358362 3268
1212 6361630 5092
1213 6366722 5416
1214 6372138 1764
1215 6373902 2913
1216 6376815 1357
1217 6378172 2789
1218 6380961 964
1219 6381925 1387
1220 6383312 1728
1221 6385040 587
1222 6385627 4316
1223 6389943 1557
1224 6391500 4996
1225 6396496 2762
1226 6399258 2260
1227 6401518 2733
1228 6404251 3961
1229 6408212 1271
1230 6409483 2772
1231 6412255 2153
1232 6414408 2953
1233 6417361 5029
1234 6422390 17397
1235 6439787 3809
1236 6443596 7618
1237 6451214 14881
1238 6466095 9545
1239 6475640 3888
1240 6479528 4881
1241 6484409 3822
1242 6488231 6120
1243 6494351 1797
1244 6496148 9555
1245 6505703 4198
1246 6509901 2017
1247 6511918 10394
1248 6522312 8500
1249 6530812 2869
1250 6533681 5219
1251 6538900 8822
1252 6547722 2211
1253 6549933 4788
1254 6554721 4666
1255 6559387 1154
1256 6560541 2339
1257 6562880 9518
1258 6572398 13307
1259 6585705 2313
1260 6588018 3812
1261 6591830 5750
1262 6597580 5809
1263 6603389 6013
1264 6609402 8061
1265 6617463 1086
1266 6618549 7870
1267 6626419 3072
1268 6629491 10303
1269 6639794 4405
1270 6644199 7363
1271 6651562 2976
1272 6654538 1724
1273 6656262 3738
1274 6660000 4116
1275 6664116 1993
1276 6666109 6675
1277 6672784 16364
1278 6689148 352
1279 6689500 2655
1280 6692155 9592
1281 6701747 7661
1282 6709408 7362
1283 6716770 4125
1284 6720895 3834
1285 6724729 3389
1286 6728118 3803
1287 6731921 511
1288 6732432 2530
1289 6734962 4652
1290 6739614 4177
1291 6743791 3272
1292 6747063 4195
1293 6751258 3058
1294 6754316 7283
1295 6761599 10819
1296 6772418 9840
1297 6782258 11968
1298 6794226 10959
1299 6805185 11672
1300 6816857 9219
1301 6826076 6469
1302 6832545 7325
1303 6839870 8616
1304 6848486 4114
1305 6852600 4232
1306 6856832 3058
1307 6859890 2035
1308 6861925 2532
1309 6864457 3965
1310 6868422 8858
1311 6877280 6832
1312 6884112 7483
1313 6891595 3836
1314 6895431 4722
1315 6900153 3737
1316 6903890 12806
1317 6916696 6785
1318 6923481 7043
1319 6930524 5476
1320 6936000 1260
1321 6937260 5956
1322 6943216 4313
1323 6947529 4035
1324 6951564 4992
1325 6956556 5725
1326 6962281 5927
1327 6968208 8731
1328 6976939 2619
1329 6979558 6838
1330 6986396 4506
1331 6990902 7209
1332 6998111 5640
1333 7003751 2844
1334 7006595 2415
1335 7009010 1565
1336 7010575 3630
1337 7014205 5330
1338 7019535 4661
1339 7024196 6573
1340 7030769 9086
1341 7039855 1984
1342 7041839 6194
1343 7048033 8302
1344 7056335 1417
1345 7057752 3639
1346 7061391 4364
1347 7065755 1741
1348 7067496 9632
1349 7077128 2975
1350 7080103 11027
1351 7091130 4576
1352 7095706 6787
1353 7102493 867
1354 7103360 4243
1355 7107603 2103
1356 7109706 2286
1357 7111992 1743
1358 7113735 2934
1359 7116669 2189
1360 7118858 4127
1361 7122985 1338
1362 7124323 1344
1363 7125667 2356
1364 7128023 1714
1365 7129737 4432
1366 7134169 6707
1367 7140876 2673
1368 7143549 3075
1369 7146624 1928
1370 7148552 6022
1371 7154574 2885
1372 7157459 1728
1373 7159187 1393
1374 7160580 10949
1375 7171529 1943
1376 7173472 3107
1377 7176579 1675
1378 7178254 1591
1379 7179845 6229
1380 7186074 3550
1381 7189624 1433
1382 7191057 3073
1383 7194130 1689
1384 7195819 1240
1385 7197059 3663
1386 7200722 1631
1387 7202353 1168
1388 7203521 6522
1389 7210043 1826
1390 7211869 12632
1391 7224501 2884
1392 7227385 1683
1393 7229068 2407
1394 7231475 2229
1395 7233704 7809
1396 7241513 2768
1397 7244281 1625
1398 7245906 3531
1399 7249437 4868
1400 7254305 2818
1401 7257123 3021
1402 7260144 1173
1403 7261317 1606
1404 7262923 6013
1405 7268936 1783
1406 7270719 4050
1407 7274769 2940
1408 7277709 6975
1409 7284684 8638
1410 7293322 2116
1411 7295438 3571
1412 7299009 528
1413 7299537 2371
1414 7301908 3367
1415 7305275 1297
1416 7306572 2018
1417 7308590 1452
1418 7310042 2002
1419 7312044 3063
1420 7315107 7610
1421 7322717 2932
1422 7325649 1795
1423 7327444 1845
1424 7329289 2325
1425 7331614 1123
1426 7332737 11195
1427 7343932 7224
1428 7351156 7148
1429 7358304 6778
1430 7365082 8524
1431 7373606 2188
1432 7375794 20828
1433 7396622 8565
1434 7405187 2251
1435 7407438 1669
1436 7409107 4063
1437 7413170 2359
1438 7415529 2963
1439 7418492 4606
1440 7423098 1470
1441 7424568 1182
1442 7425750 7104
1443 7432854 2837
1444 7435691 1953
1445 7437644 3480
1446 7441124 1984
1447 7443108 16476
1448 7459584 692
1449 7460276 3498
1450 7463774 3328
1451 7467102 2589
1452 7469691 3023
1453 7472714 20382
1454 7493096 3088
1455 7496184 3124
1456 7499308 1386
1457 7500694 1287
1458 7501981 1117
1459 7503098 2643
1460 7505741 2072
1461 7507813 1379
1462 7509192 1270
1463 7510462 1641
1464 7512103 2131
1465 7514234 2942
1466 7517176 1604
1467 7518780 2969
1468 7521749 3096
1469 7524845 3115
1470 7527960 1159
1471 7529119 3903
1472 7533022 2882
1473 7535904 4488
1474 7540392 3498
1475 7543890 6803
1476 7550693 3398
1477 7554091 1000
1478 7555091 2426
1479 7557517 4964
1480 7562481 836
1481 7563317 6431
1482 7569748 1508
1483 7571256 6323
1484 7577579 954
1485 7578533 1717
1486 7580250 953
1487 7581203 4000
1488 7585203 7018
1489 7592221 887
1490 7593108 3557
1491 7596665 4289
1492 7600954 1386
1493 7602340 1220
1494 7603560 1986
1495 7605546 1719
1496 7607265 2726
1497 7609991 2725
1498 7612716 1932
1499 7614648 1563
1500 7616211 3229
1501 7619440 2819
1502 7622259 1752
1503 7624011 2045
1504 7626056 1265
1505 7627321 1090
1506 7628411 3728
1507 7632139 2142
1508 7634281 2215
1509 7636496 2555
1510 7639051 2138
1511 7641189 3717
1512 7644906 1931
1513 7646837 3448
1514 7650285 4090
1515 7654375 651
1516 7655026 1185
1517 7656211 890
1518 7657101 2705
1519 7659806 1137
1520 7660943 2966
1521 7663909 1961
1522 7665870 1852
1523 7667722 804
1524 7668526 1776
1525 7670302 2713
1526 7673015 1665
1527 7674680 2404
1528 7677084 2932
1529 7680016 2386
1530 7682402 1147
1531 7683549 2714
1532 7686263 1544
1533 7687807 4938
1534 7692745 2331
1535 7695076 1851
1536 7696927 4417
1537 7701344 579
1538 7701923 891
1539 7702814 2701
1540 7705515 5115
1541 7710630 3771
1542 7714401 946
1543 7715347 4217
1544 7719564 3651
1545 7723215 1301
1546 7724516 2546
1547 7727062 3208
1548 7730270 4165
1549 7734435 2453
1550 7736888 3251
1551 7740139 3215
1552 7743354 749
1553 7744103 4908
1554 7749011 7294
1555 7756305 2002
1556 7758307 5149
1557 7763456 2988
1558 7766444 6221
1559 7772665 8937
1560 7781602 5750
1561 7787352 1046
1562 7788398 1502
1563 7789900 2132
1564 7792032 4891
1565 7796923 3864
1566 7800787 1483
1567 7802270 5226
1568 7807496 4020
1569 7811516 3047
1570 7814563 3832
1571 7818395 6042
1572 7824437 5009
1573 7829446 5497
1574 7834943 2825
1575 7837768 9970
1576 7847738 11300
1577 7859038 5856
1578 7864894 2084
1579 7866978 7734
1580 7874712 2153
1581 7876865 3715
1582 7880580 3942
1583 7884522 3388
1584 7887910 9177
1585 7897087 1388
1586 7898475 2002
1587 7900477 3282
1588 7903759 5716
1589 7909475 2485
1590 7911960 1243
1591 7913203 1301
1592 7914504 5673
1593 7920177 2882
1594 7923059 4335
1595 7927394 1199
1596 7928593 2142
1597 7930735 2226
1598 7932961 1419
1599 7934380 2993
1600 7937373 1666
1601 7939039 788
1602 7939827 583
1603 7940410 912
1604 7941322 768
1605 7942090 584
1606 7942674 873
1607 7943547 1589
1608 7945136 4408
1609 7949544 5222
1610 7954766 2602
1611 7957368 1775
1612 7959143 4569
1613 7963712 6723
1614 7970435 3540
1615 7973975 6005
1616 7979980 3241
1617 7983221 4894
1618 7988115 4331
1619 7992446 3209
1620 7995655 2094
1621 7997749 3406
1622 8001155 386
1623 8001541 2404
1624 8003945 4057
1625 8008002 3761
1626 8011763 12697
1627 8024460 10997
1628 8035457 2114
1629 8037571 3982
1630 8041553 3739
1631 8045292 4452
1632 8049744 1658
1633 8051402 1540
1634 8052942 2435
1635 8055377 2032
1636 8057409 3558
1637 8060967 2900
1638 8063867 2508
1639 8066375 9720
1640 8076095 10715
1641 8086810 6647
1642 8093457 7348
1643 8100805 5380
1644 8106185 2884
1645 8109069 1451
1646 8110520 2046
1647 8112566 1505
1648 8114071 2514
1649 8116585 1714
1650 8118299 2109
1651 8120408 2447
1652 8122855 3481
1653 8126336 2263
1654 8128599 9510
1655 8138109 24756
1656 8162865 4858
1657 8167723 5358
1658 8173081 3869
1659 8176950 3728
1660 8180678 15394
1661 8196072 4524
1662 8200596 1531
1663 8202127 1229
1664 8203356 1973
1665 8205329 1254
1666 8206583 2643
1667 8209226 5639
1668 8214865 1811
1669 8216676 11123
1670 8227799 10915
1671 8238714 4042
1672 8242756 5299
1673 8248055 3482
1674 8251537 5936
1675 8257473 11856
1676 8269329 6707
1677 8276036 8684
1678 8284720 5186
1679 8289906 12712
1680 8302618 6235
1681 8308853 2680
1682 8311533 3502
1683 8315035 3448
1684 8318483 3597
1685 8322080 6288
1686 8328368 3590
1687 8331958 18778
1688 8350736 3399
1689 8354135 4643
1690 8358778 5252
1691 8364030 4572
1692 8368602 4024
1693 8372626 12245
1694 8384871 12940
1695 8397811 6290
1696 8404101 8269
1697 8412370 4910
1698 8417280 4472
1699 8421752 3501
1700 8425253 7478
1701 8432731 3801
1702 8436532 9687
1703 8446219 5307
1704 8451526 19361
1705 8470887 4281
1706 8475168 4436
1707 8479604 3986
1708 8483590 10028
1709 8493618 6698
1710 8500316 14689
1711 8515005 4326
1712 8519331 4566
1713 8523897 6090
1714 8529987 8808
1715 8538795 10440
1716 8549235 11505
1717 8560740 5057
1718 8565797 4575
1719 8570372 4417
1720 8574789 5859
1721 8580648 6182
1722 8586830 4170
1723 8591000 3458
1724 8594458 8460
1725 8602918 1351
1726 8604269 1359
1727 8605628 4838
1728 8610466 5796
1729 8616262 2212
1730 8618474 6358
1731 8624832 4191
1732 8629023 6440
1733 8635463 2356
1734 8637819 6338
1735 8644157 3159
1736 8647316 2337
1737 8649653 2445
1738 8652098 1842
1739 8653940 2414
1740 8656354 1141
1741 8657495 6127
1742 8663622 2290
1743 8665912 1730
1744 8667642 2175
1745 8669817 1354
1746 8671171 1361
1747 8672532 8442
1748 8680974 3893
1749 8684867 1102
1750 8685969 2609
1751 8688578 2387
1752 8690965 3283
1753 8694248 2724
1754 8696972 39927
1755 8736899 1280
1756 8738179 1845
1757 8740024 5872
1758 8745896 1311
1759 8747207 1749
1760 8748956 1830
1761 8750786 2559
1762 8753345 1777
1763 8755122 1662
1764 8756784 3343
1765 8760127 3348
1766 8763475 5333
1767 8768808 1883
1768 8770691 1016
1769 8771707 1574
1770 8773281 2172
1771 8775453 1627
1772 8777080 1918
1773 8778998 1368
1774 8780366 2044
1775 8782410 1711
1776 8784121 959
1777 8785080 2947
1778 8788027 2012
1779 8790039 7154
1780 8797193 2958
1781 8800151 1522
1782 8801673 1305
1783 8802978 2917
1784 8805895 1556
1785 8807451 2636
1786 8810087 1567
1787 8811654 1439
1788 8813093 2310
1789 8815403 1601
1790 8817004 1990
1791 8818994 5908
1792 8824902 2744
1793 8827646 6258
1794 8833904 1775
1795 8835679 1386
1796 8837065 3392
1797 8840457 1702
1798 8842159 2966
1799 8845125 1375
1800 8846500 1001
1801 8847501 1973
1802 8849474 4316
1803 8853790 3557
1804 8857347 3193
1805 8860540 3527
1806 8864067 3033
1807 8867100 1638
1808 8868738 1556
1809 8870294 1025
1810 8871319 2266
1811 8873585 1709
1812 8875294 1231
1813 8876525 3780
1814 8880305 3792
1815 8884097 4001
1816 8888098 1840
1817 8889938 5163
1818 8895101 4079
1819 8899180 2106
1820 8901286 1212
1821 8902498 1411
1822 8903909 1126
1823 8905035 1229
1824 8906264 5801
1825 8912065 2439
1826 8914504 1994
1827 8916498 1192
1828 8917690 1355
1829 8919045 1469
1830 8920514 4436
1831 8924950 1626
1832 8926576 3055
1833 8929631 2462
1834 8932093 1285
1835 8933378 2020
1836 8935398 5587
1837 8940985 2496
1838 8943481 6851
1839 8950332 3748
1840 8954080 7374
1841 8961454 12226
1842 8973680 2784
1843 8976464 4287
1844 8980751 2570
1845 8983321 4167
1846 8987488 3506
1847 8990994 4098
1848 8995092 1811
1849 8996903 11609
1850 9008512 2378
1851 9010890 6351
1852 9017241 2692
1853 9019933 1754
1854 9021687 8596
1855 9030283 7764
1856 9038047 4752
1857 9042799 10350
1858 9053149 7240
1859 9060389 6521
1860 9066910 3375
1861 9070285 6178
1862 9076463 12474
1863 9088937 5167
1864 9094104 6917
1865 9101021 5477
1866 9106498 2381
1867 9108879 3650
1868 9112529 10688
1869 9123217 2042
1870 9125259 6436
1871 9131695 4792
1872 9136487 4871
1873 9141358 2886
1874 9144244 585
1875 9144829 2092
1876 9146921 9211
1877 9156132 5463
1878 9161595 2616
1879 9164211 1815
1880 9166026 3578
1881 9169604 3727
1882 9173331 2955
1883 9176286 5812
1884 9182098 1553
1885 9183651 1211
1886 9184862 3258
1887 9188120 8050
1888 9196170 8121
1889 9204291 1551
1890 9205842 6378
1891 9212220 1798
1892 9214018 2435
1893 9216453 5746
1894 9222199 1810
1895 9224009 3558
1896 9227567 2033
1897 9229600 1239
1898 9230839 2823
1899 9233662 719
1900 9234381 2963
1901 9237344 5827
1902 9243171 209
1903 9243380 1949
1904 9245329 3016
1905 9248345 4983
1906 9253328 1506
1907 9254834 1347
1908 9256181 1724
1909 9257905 1279
1910 9259184 1768
1911 9260952 1175
1912 9262127 964
1913 9263091 4307
1914 9267398 879
1915 9268277 3277
1916 9271554 9026
1917 9280580 3128
1918 9283708 1593
1919 9285301 3343
1920 9288644 1226
1921 9289870 2862
1922 9292732 2473
1923 9295205 1414
1924 9296619 1078
1925 9297697 3816
1926 9301513 3292
1927 9304805 1555
1928 9306360 8749
1929 9315109 1535
1930 9316644 2181
1931 9318825 1192
1932 9320017 1772
1933 9321789 1880
1934 9323669 982
1935 9324651 2552
1936 9327203 10429
1937 9337632 4217
1938 9341849 2432
1939 9344281 3817
1940 9348098 3546
1941 9351644 11110
1942 9362754 3587
1943 9366341 2433
1944 9368774 8349
1945 9377123 5436
1946 9382559 5180
1947 9387739 5294
1948 9393033 9552
1949 9402585 4260
1950 9406845 3518
1951 9410363 5751
1952 9416114 5765
1953 9421879 5070
1954 9426949 3761
1955 9430710 4338
1956 9435048 1204
1957 9436252 8750
1958 9445002 5236
1959 9450238 5092
1960 9455330 4905
1961 9460235 4487
1962 9464722 6054
1963 9470776 8604
1964 9479380 2641
1965 9482021 2230
1966 9484251 3600
1967 9487851 3502
1968 9491353 5778
1969 9497131 6329
1970 9503460 3831
1971 9507291 4489
1972 9511780 8268
1973 9520048 5343
1974 9525391 6378
1975 9531769 2983
1976 9534752 3004
1977 9537756 3350
1978 9541106 9251
1979 9550357 1293
1980 9551650 982
1981 9552632 1293
1982 9553925 4538
1983 9558463 3947
1984 9562410 1628
1985 9564038 11894
1986 9575932 4469
1987 9580401 10293
1988 9590694 5149
1989 9595843 6440
1990 9602283 5869
1991 9608152 9686
1992 9617838 5843
1993 9623681 4340
1994 9628021 682
1995 9628703 5061
1996 9633764 4996
1997 9638760 4264
1998 9643024 6272
1999 9649296 7616
2000 9656912 7412
2001 9664324 2790
2002 9667114 4475
2003 9671589 1573
2004 9673162 24184
2005 9697346 20023
2006 9717369 2841
2007 9720210 10633
2008 9730843 1749
2009 9732592 2478
2010 9735070 8105
2011 9743175 4052
2012 9747227 13808
2013 9761035 3114
2014 9764149 3853
2015 9768002 3548
2016 9771550 6067
2017 9777617 8485
2018 9786102 7497
2019 9793599 7039
2020 9800638 1851
2021 9802489 2926
2022 9805415 3939
2023 9809354 1092
2024 9810446 2544
2025 9812990 1637
2026 9814627 8062
2027 9822689 15435
2028 9838124 2311
2029 9840435 15263
2030 9855698 7598
2031 9863296 3253
2032 9866549 5671
2033 9872220 2399
2034 9874619 9845
2035 9884464 7269
2036 9891733 2809
2037 9894542 8815
2038 9903357 1450
2039 9904807 3192
2040 9907999 5174
2041 9913173 10574
2042 9923747 2280
2043 9926027 3896
2044 9929923 2392
2045 9932315 2775
2046 9935090 33933
2047 9969023 1980
2048 9971003 1860
2049 9972863 6776
2050 9979639 6432
2051 9986071 2740
2052 9988811 4470
2053 9993281 5034
2054 9998315 3901
2055 10002216 3885
2056 10006101 16450
2057 10022551 4366
2058 10026917 3887
2059 10030804 10901
2060 10041705 1847
2061 10043552 1649
2062 10045201 6231
2063 10051432 11872
2064 10063304 6161
2065 10069465 4108
2066 10073573 2304
2067 10075877 774
2068 10076651 1620
2069 10078271 5073
2070 10083344 2848
2071 10086192 2137
2072 10088329 9604
2073 10097933 7314
2074 10105247 5489
2075 10110736 2152
2076 10112888 6673
2077 10119561 3096
2078 10122657 3104
2079 10125761 8100
2080 10133861 1824
2081 10135685 3716
2082 10139401 1811
2083 10141212 1748
2084 10142960 11990
2085 10154950 8267
2086 10163217 3706
2087 10166923 3568
2088 10170491 2397
2089 10172888 5807
2090 10178695 8716
2091 10187411 3411
2092 10190822 786
2093 10191608 3822
2094 10195430 5726
2095 10201156 7448
2096 10208604 1031
2097 10209635 2579
2098 10212214 4776
2099 10216990 3787
2100 10220777 3129
2101 10223906 6222
2102 10230128 5956
2103 10236084 7988
2104 10244072 1724
2105 10245796 4124
2106 10249920 1422
2107 10251342 7943
2108 10259285 3440
2109 10262725 4529
2110 10267254 5211
2111 10272465 2473
2112 10274938 6822
2113 10281760 2369
2114 10284129 1857
2115 10285986 16923
2116 10302909 10977
2117 10313886 6392
2118 10320278 1749
2119 10322027 6416
2120 10328443 1632
2121 10330075 7008
2122 10337083 4887
2123 10341970 4976
2124 10346946 10390
2125 10357336 1974
2126 10359310 3662
2127 10362972 18222
2128 10381194 10344
2129 10391538 4125
2130 10395663 8473
2131 10404136 15436
2132 10419572 3956
2133 10423528 16109
2134 10439637 6035
2135 10445672 3514
2136 10449186 4358
2137 10453544 6684
2138 10460228 1567
2139 10461795 3048
2140 10464843 2173
2141 10467016 3245
2142 10470261 1663
2143 10471924 8871
2144 10480795 3716
2145 10484511 3546
2146 10488057 8234
2147 10496291 8651
2148 10504942 9202
2149 10514144 5936
2150 10520080 8507
2151 10528587 1874
2152 10530461 6818
2153 10537279 10377
2154 10547656 4456
2155 10552112 4817
2156 10556929 2787
2157 10559716 2549
2158 10562265 4108
2159 10566373 5090
2160 10571463 4455
2161 10575918 3452
2162 10579370 7417
2163 10586787 9536
2164 10596323 8939
2165 10605262 2982
2166 10608244 1048
2167 10609292 4356
2168 10613648 8644
2169 10622292 10041
2170 10632333 5802
2171 10638135 2549
2172 10640684 8523
2173 10649207 7135
2174 10656342 3162
2175 10659504 1118
2176 10660622 3257
2177 10663879 11659
2178 10675538 7927
2179 10683465 7990
2180 10691455 1138
2181 10692593 3176
2182 10695769 8478
2183 10704247 7745
2184 10711992 4269
2185 10716261 9961
2186 10726222 9917
2187 10736139 2878
2188 10739017 4016
2189 10743033 6107
2190 10749140 15625
2191 10764765 3210
2192 10767975 4854
2193 10772829 8341
2194 10781170 6919
2195 10788089 2691
2196 10790780 4593
2197 10795373 4117
2198 10799490 1994
2199 10801484 3570
2200 10805054 5697
2201 10810751 2413
2202 10813164 1479
2203 10814643 4293
2204 10818936 3884
2205 10822820 3788
2206 10826608 3935
2207 10830543 3498
2208 10834041 2629
2209 10836670 1083
2210 10837753 1398
2211 10839151 8391
2212 10847542 7575
2213 10855117 4655
2214 10859772 7698
2215 10867470 1034
2216 10868504 3501
2217 10872005 9519
2218 10881524 2224
2219 10883748 6620
2220 10890368 6496
2221 10896864 1258
2222 10898122 1228
2223 10899350 7369
2224 10906719 3784
2225 10910503 2883
2226 10913386 1120
2227 10914506 4460
2228 10918966 6204
2229 10925170 3078
2230 10928248 4334
2231 10932582 2397
2232 10934979 4199
2233 10939178 15332
2234 10954510 2826
2235 10957336 2211
2236 10959547 4175
2237 10963722 4047
2238 10967769 4114
2239 10971883 2002
2240 10973885 5772
2241 10979657 7400
2242 10987057 2775
2243 10989832 4783
2244 10994615 7701
2245 11002316 1623
2246 11003939 2938
2247 11006877 2865
2248 11009742 1291
2249 11011033 6004
2250 11017037 1341
2251 11018378 1126
2252 11019504 4103
2253 11023607 6397
2254 11030004 1325
2255 11031329 1510
2256 11032839 4382
2257 11037221 2531
2258 11039752 2328
2259 11042080 3959
2260 11046039 4503
2261 11050542 994
2262 11051536 3082
2263 11054618 1189
2264 11055807 1871
2265 11057678 2090
2266 11059768 3421
2267 11063189 7497
2268 11070686 9934
2269 11080620 4111
2270 11084731 4631
2271 11089362 5089
2272 11094451 4121
2273 11098572 1284
2274 11099856 4381
2275 11104237 2979
2276 11107216 1862
2277 11109078 1205
2278 11110283 4235
2279 11114518 4282
2280 11118800 3035
2281 11121835 1398
2282 11123233 3292
2283 11126525 8209
2284 11134734 20530
2285 11155264 2335
2286 11157599 3968
2287 11161567 1774
2288 11163341 4673
2289 11168014 5352
2290 11173366 9524
2291 11182890 3365
2292 11186255 15444
2293 11201699 4042
2294 11205741 365
2295 11206106 6805
2296 11212911 9473
2297 11222384 6141
2298 11228525 2331
2299 11230856 5158
2300 11236014 1322
2301 11237336 4047
2302 11241383 6990
2303 11248373 1832
2304 11250205 3635
2305 11253840 2982
2306 11256822 7215
2307 11264037 2235
2308 11266272 7568
2309 11273840 4660
2310 11278500 12327
2311 11290827 7952
2312 11298779 4822
2313 11303601 3670
2314 11307271 6940
2315 11314211 10145
2316 11324356 1681
2317 11326037 3216
2318 11329253 4930
2319 11334183 9144
2320 11343327 1973
2321 11345300 5603
2322 11350903 4108
2323 11355011 12672
2324 11367683 16854
2325 11384537 12217
2326 11396754 22490
2327 11419244 43484
2328 11462728 15785
2329 11478513 28280
2330 11506793 3907
2331 11510700 33596
2332 11544296 2391
2333 11546687 2274
2334 11548961 15049
2335 11564010 10942
2336 11574952 7813
2337 11582765 9426
2338 11592191 2474
2339 11594665 6065
2340 11600730 8340
2341 11609070 14032
2342 11623102 13311
2343 11636413 28284
2344 11664697 15766
2345 11680463 13727
2346 11694190 25067
2347 11719257 360
2348 11719617 30121
2349 11749738 6917
2350 11756655 22039
2351 11778694 2857
2352 11781551 16268
2353 11797819 4104
2354 11801923 12979
2355 11814902 16845
2356 11831747 12336
2357 11844083 22427
2358 11866510 94234
2359 11960744 28300
2360 11989044 14120
2361 12003164 13204
2362 12016368 28310
2363 12044678 25072
2364 12069750 30001
2365 12099751 28283
2366 12128034 3705
2367 12131739 10049
2368 12141788 16866
2369 12158654 12224
2370 12170878 17171
2371 12188049 42227
2372 12230276 28280
2373 12258556 307
2374 12258863 327
2375 12259190 14060
2376 12273250 13343
2377 12286593 280
2378 12286873 316
2379 12287189 1733
2380 12288922 28283
2381 12317205 10177
2382 12327382 55717
2383 12383099 5392
2384 12388491 8896
2385 12397387 7654
2386 12405041 6482
2387 12411523 94256
2388 12505779 5505
2389 12511284 5370
2390 12516654 6900
2391 12523554 6926
2392 12530480 11861
2393 12542341 3175
2394 12545516 7985
2395 12553501 3782
2396 12557283 5441
2397 12562724 10487
2398 12573211 7486
2399 12580697 8422
2400 12589119 24890
2401 12614009 15695
2402 12629704 5532
2403 12635236 5231
2404 12640467 3518
2405 12643985 6923
2406 12650908 3511
2407 12654419 2972
2408 12657391 3617
2409 12661008 15079
2410 12676087 11906
2411 12687993 6916
2412 12694909 13925
2413 12708834 14230
2414 12723064 5046
2415 12728110 3698
2416 12731808 5330
2417 12737138 10077
2418 12747215 7567
2419 12754782 8565
2420 12763347 16977
2421 12780324 15703
2422 12796027 5533
2423 12801560 5550
2424 12807110 5260
2425 12812370 6907
2426 12819277 11850
2427 12831127 6872
2428 12837999 3815
2429 12841814 5324
2430 12847138 10057
2431 12857195 7522
2432 12864717 8413
2433 12873130 17215
2434 12890345 15733
2435 12906078 5649
2436 12911727 5324
2437 12917051 6916
2438 12923967 16494
2439 12940461 6882
2440 12947343 11846
2441 12959189 15783
2442 12974972 3404
2443 12978376 3656
2444 12982032 5461
2445 12987493 10064
2446 12997557 7569
2447 13005126 8447
2448 13013573 23804
2449 13037377 5591
2450 13042968 5259
2451 13048227 7005
2452 13055232 11934
2453 13067166 3641
2454 13070807 5326
2455 13076133 10052
2456 13086185 7537
2457 13093722 8286
2458 13102008 17702
2459 13119710 15772
2460 13135482 6872
2461 13142354 5626
2462 13147980 5220
2463 13153200 9078
2464 13162278 3191
2465 13165469 3662
2466 13169131 5548
2467 13174679 10145
2468 13184824 7438
2469 13192262 8300
2470 13200562 17205
2471 13217767 15771
2472 13233538 9215
2473 13242753 5608
2474 13248361 5268
2475 13253629 6872
2476 13260501 6869
2477 13267370 9412
2478 13276782 3424
2479 13280206 3845
2480 13284051 5700
2481 13289751 10052
2482 13299803 7586
2483 13307389 8351
2484 13315740 24701
2485 13340441 15774
2486 13356215 5911
2487 13362126 10637
2488 13372763 7116
2489 13379879 5650
2490 13385529 5275
2491 13390804 3669
2492 13394473 9926
2493 13404399 3597
2494 13407996 5583
2495 13413579 10088
2496 13423667 7625
2497 13431292 8347
2498 13439639 17576
2499 13457215 15861
2500 13473076 5674
2501 13478750 5349
2502 13484099 9150
2503 13493249 11909
2504 13505158 4252
2505 13509410 15840
2506 13525250 6173
2507 13531423 5826
2508 13537249 10682
2509 13547931 3551
2510 13551482 5515
2511 13556997 10093
2512 13567090 8312
2513 13575402 16874
2514 13592276 5656
2515 13597932 5296
2516 13603228 7202
2517 13610430 17248
2518 13627678 14990
2519 13642668 3310
2520 13645978 6583
2521 13652561 10098
2522 13662659 8071
2523 13670730 2755
2524 13673485 3375
2525 13676860 5751
2526 13682611 10104
2527 13692715 8469
2528 13701184 22811
2529 13723995 15797
2530 13739792 5607
2531 13745399 5154
2532 13750553 10348
2533 13760901 11811
2534 13772712 15255
2535 13787967 2569
2536 13790536 4835
2537 13795371 9241
2538 13804612 6944
2539 13811556 7756
2540 13819312 16352
2541 13835664 15689
2542 13851353 3070
2543 13854423 5524
2544 13859947 5356
2545 13865303 57132
2546 13922435 7174
2547 13929609 15845
2548 13945454 5810
2549 13951264 5076
2550 13956340 5037
2551 13961377 13175
2552 13974552 10385
2553 13984937 3502
2554 13988439 3235
2555 13991674 6828
2556 13998502 3345
2557 14001847 6092
2558 14007939 8164
2559 14016103 6272
2560 14022375 11897
2561 14034272 2045
2562 14036317 7836
2563 14044153 3998
2564 14048151 8494
2565 14056645 691
2566 14057336 4290
2567 14061626 800
2568 14062426 1074
2569 14063500 6955
2570 14070455 1823
2571 14072278 2414
2572 14074692 3100
2573 14077792 4247
2574 14082039 3689
2575 14085728 2411
2576 14088139 5110
2577 14093249 11183
2578 14104432 736
2579 14105168 3751
2580 14108919 3592
2581 14112511 5815
2582 14118326 4129
2583 14122455 11360
2584 14133815 1713
2585 14135528 3262
2586 14138790 6351
2587 14145141 4313
2588 14149454 2064
2589 14151518 5109
2590 14156627 1505
2591 14158132 10668
2592 14168800 4867
2593 14173667 3167
2594 14176834 4392
2595 14181226 3364
2596 14184590 1565
2597 14186155 2121
2598 14188276 5555
2599 14193831 3011
2600 14196842 9184
2601 14206026 8248
2602 14214274 5987
2603 14220261 3199
2604 14223460 8336
2605 14231796 1296
2606 14233092 3122
2607 14236214 3343
2608 14239557 2389
2609 14241946 2897
2610 14244843 549
2611 14245392 6275
2612 14251667 665
2613 14252332 2212
2614 14254544 7135
2615 14261679 6228
2616 14267907 2676
2617 14270583 3211
2618 14273794 9431
2619 14283225 3810
2620 14287035 4572
2621 14291607 3504
2622 14295111 10483
2623 14305594 5122
2624 14310716 4224
2625 14314940 4465
2626 14319405 1586
2627 14320991 5191
2628 14326182 1116
2629 14327298 1960
2630 14329258 5923
2631 14335181 2299
2632 14337480 1980
2633 14339460 18353
2634 14357813 6720
2635 14364533 2315
2636 14366848 2679
2637 14369527 5730
2638 14375257 4078
2639 14379335 15059
2640 14394394 4001
2641 14398395 1918
2642 14400313 4162
2643 14404475 7674
2644 14412149 3068
2645 14415217 920
2646 14416137 5842
2647 14421979 5782
2648 14427761 3190
2649 14430951 5973
2650 14436924 2257
2651 14439181 907
2652 14440088 2331
2653 14442419 3366
2654 14445785 2394
2655 14448179 6462
2656 14454641 6642
2657 14461283 5906
2658 14467189 13289
2659 14480478 2427
2660 14482905 2429
2661 14485334 10434
2662 14495768 5427
2663 14501195 6573
2664 14507768 3347
2665 14511115 6286
2666 14517401 6274
2667 14523675 2306
2668 14525981 6980
2669 14532961 3663
2670 14536624 7342
2671 14543966 9889
2672 14553855 2260
2673 14556115 3077
2674 14559192 2021
2675 14561213 3642
2676 14564855 6642
2677 14571497 7145
2678 14578642 6896
2679 14585538 7024
2680 14592562 11115
2681 14603677 10562
2682 14614239 1307
2683 14615546 1094
2684 14616640 1295
2685 14617935 4002
2686 14621937 1053
2687 14622990 6292
2688 14629282 1531
2689 14630813 2964
2690 14633777 2856
2691 14636633 6157
2692 14642790 12689
2693 14655479 4498
2694 14659977 27493
2695 14687470 3916
2696 14691386 4553
2697 14695939 12883
2698 14708822 4920
2699 14713742 5651
2700 14719393 15085
2701 14734478 12726
2702 14747204 3900
2703 14751104 2450
2704 14753554 10023
2705 14763577 2031
2706 14765608 3253
2707 14768861 3521
2708 14772382 3152
2709 14775534 6345
2710 14781879 10432
2711 14792311 4289
2712 14796600 1269
2713 14797869 2635
2714 14800504 5714
2715 14806218 4822
2716 14811040 4919
2717 14815959 4619
2718 14820578 3180
2719 14823758 6241
2720 14829999 4502
2721 14834501 6378
2722 14840879 4340
2723 14845219 2387
2724 14847606 1971
2725 14849577 9392
2726 14858969 4495
2727 14863464 7636
2728 14871100 1650
2729 14872750 2254
2730 14875004 6167
2731 14881171 15832
2732 14897003 2467
2733 14899470 1913
2734 14901383 4226
2735 14905609 11086
2736 14916695 1571
2737 14918266 3316
2738 14921582 1449
2739 14923031 2367
2740 14925398 2867
2741 14928265 3588
2742 14931853 12662
2743 14944515 4552
2744 14949067 11607
2745 14960674 3798
2746 14964472 2857
2747 14967329 4322
2748 14971651 5842
2749 14977493 988
2750 14978481 6862
2751 14985343 2106
2752 14987449 1690
2753 14989139 9137
2754 14998276 11471
2755 15009747 7730
2756 15017477 3137
2757 15020614 695
2758 15021309 8552
2759 15029861 4598
2760 15034459 15961
2761 15050420 5786
2762 15056206 2683
2763 15058889 4192
2764 15063081 18907
2765 15081988 7605
2766 15089593 2856
2767 15092449 487
2768 15092936 2742
2769 15095678 4461
2770 15100139 5078
2771 15105217 15546
2772 15120763 9247
2773 15130010 2088
2774 15132098 3035
2775 15135133 2129
2776 15137262 2104
2777 15139366 5705
2778 15145071 2414
2779 15147485 3791
2780 15151276 2208
2781 15153484 2008
2782 15155492 2446
2783 15157938 5033
2784 15162971 4764
2785 15167735 2090
2786 15169825 3600
2787 15173425 3846
2788 15177271 2347
2789 15179618 2128
2790 15181746 1991
2791 15183737 2284
2792 15186021 5499
2793 15191520 4561
2794 15196081 4776
2795 15200857 3890
2796 15204747 2688
2797 15207435 2803
2798 15210238 2568
2799 15212806 2647
2800 15215453 6657
2801 15222110 12048
2802 15234158 4107
2803 15238265 2813
2804 15241078 4679
2805 15245757 7782
2806 15253539 3949
2807 15257488 3216
2808 15260704 2615
2809 15263319 2853
2810 15266172 4333
2811 15270505 4970
2812 15275475 3298
2813 15278773 5907
2814 15284680 3976
2815 15288656 8755
2816 15297411 3128
2817 15300539 8026
2818 15308565 2614
2819 15311179 1292
2820 15312471 20479
2821 15332950 11696
2822 15344646 3867
2823 15348513 3879
2824 15352392 6799
2825 15359191 10853
2826 15370044 3773
2827 15373817 5153
2828 15378970 5536
2829 15384506 5201
2830 15389707 3629
2831 15393336 28790
2832 15422126 14769
2833 15436895 19700
2834 15456595 34717
2835 15491312 4634
2836 15495946 3925
2837 15499871 4530
2838 15504401 3814
2839 15508215 3280
2840 15511495 5105
2841 15516600 2941
2842 15519541 3134
2843 15522675 3941
2844 15526616 3743
2845 15530359 20572
2846 15550931 4148
2847 15555079 1345
2848 15556424 4343
2849 15560767 3864
2850 15564631 5594
2851 15570225 4547
2852 15574772 4002
2853 15578774 4626
2854 15583400 3258
2855 15586658 1840
2856 15588498 4750
2857 15593248 3885
2858 15597133 3464
2859 15600597 4406
2860 15605003 4388
2861 15609391 3817
2862 15613208 3837
2863 15617045 4034
2864 15621079 4413
2865 15625492 3745
2866 15629237 4516
2867 15633753 10913
2868 15644666 3881
2869 15648547 4963
2870 15653510 3698
2871 15657208 4178
2872 15661386 4929
2873 15666315 4361
2874 15670676 4176
2875 15674852 3646
2876 15678498 3021
2877 15681519 3364
2878 15684883 3451
2879 15688334 4425
2880 15692759 3456
2881 15696215 19879
2882 15716094 4524
2883 15720618 3672
2884 15724290 1666
2885 15725956 3727
2886 15729683 3789
2887 15733472 20026
2888 15753498 4803
2889 15758301 1621
2890 15759922 3581
2891 15763503 5138
2892 15768641 4356
2893 15772997 3529
2894 15776526 1318
2895 15777844 3640
2896 15781484 5602
2897 15787086 3962
2898 15791048 5480
2899 15796528 3908
2900 15800436 3698
2901 15804134 3957
2902 15808091 4094
2903 15812185 3870
2904 15816055 3055
2905 15819110 3606
2906 15822716 3920
2907 15826636 3663
2908 15830299 4106
2909 15834405 19424
2910 15853829 4827
2911 15858656 3955
2912 15862611 3852
2913 15866463 1726
2914 15868189 4518
2915 15872707 1351
2916 15874058 1045
2917 15875103 3176
2918 15878279 4336
2919 15882615 3887
2920 15886502 2966
2921 15889468 3802
2922 15893270 2931
2923 15896201 1203
2924 15897404 4411
2925 15901815 20584
2926 15922399 5011
2927 15927410 3428
2928 15930838 5168
2929 15936006 3542
2930 15939548 3855
2931 15943403 2509
2932 15945912 346
2933 15946258 3268
2934 15949526 2161
2935 15951687 3104
2936 15954791 18024
2937 15972815 7054
2938 15979869 14843
2939 15994712 860
2940 15995572 2912
2941 15998484 2156
2942 16000640 2791
2943 16003431 2910
2944 16006341 1903
2945 16008244 22404
2946 16030648 10309
2947 16040957 3847
2948 16044804 4038
2949 16048842 3708
2950 16052550 2157
2951 16054707 4286
2952 16058993 954
2953 16059947 3269
2954 16063216 1861
2955 16065077 4646
2956 16069723 3307
2957 16073030 1160
2958 16074190 761
2959 16074951 4784
2960 16079735 343
2961 16080078 33074
2962 16113152 5643
2963 16118795 8106
2964 16126901 10322
2965 16137223 33546
2966 16170769 21396
2967 16192165 1024
2968 16193189 703
2969 16193892 2455
2970 16196347 1775
2971 16198122 5107
2972 16203229 3495
2973 16206724 4304
2974 16211028 2661
2975 16213689 4828
2976 16218517 1248
2977 16219765 2057
2978 16221822 836
2979 16222658 945
2980 16223603 10811
2981 16234414 2373
2982 16236787 869
2983 16237656 4349
2984 16242005 2433
2985 16244438 3077
2986 16247515 4023
2987 16251538 607
2988 16252145 7772
2989 16259917 22941
2990 16282858 6203
2991 16289061 1406
2992 16290467 2321
2993 16292788 2489
2994 16295277 2788
2995 16298065 1504
2996 16299569 9796
2997 16309365 4603
2998 16313968 2805
2999 16316773 28046
3000 16344819 1172
3001 16345991 1176
3002 16347167 1205
3003 16348372 5017
3004 16353389 4485
3005 16357874 3468
3006 16361342 1708
3007 16363050 1458
3008 16364508 2185
3009 16366693 2727
3010 16369420 2313
3011 16371733 4506
3012 16376239 2339
3013 16378578 7621
3014 16386199 2950
3015 16389149 4403
3016 16393552 2389
3017 16395941 1325
3018 16397266 3276
3019 16400542 1987
3020 16402529 1833
3021 16404362 6125
3022 16410487 2798
3023 16413285 2973
3024 16416258 2038
3025 16418296 5259
3026 16423555 7761
3027 16431316 1675
3028 16432991 3080
3029 16436071 1997
3030 16438068 9344
3031 16447412 6569
3032 16453981 1422
3033 16455403 2125
3034 16457528 5153
3035 16462681 8049
3036 16470730 8955
3037 16479685 5224
3038 16484909 2270
3039 16487179 12011
3040 16499190 6536
3041 16505726 2247
3042 16507973 5362
3043 16513335 2934
3044 16516269 2722
3045 16518991 1351
3046 16520342 3004
3047 16523346 2387
3048 16525733 3289
3049 16529022 2734
3050 16531756 1595
3051 16533351 3909
3052 16537260 1737
3053 16538997 6721
3054 16545718 2587
3055 16548305 2293
3056 16550598 5402
3057 16556000 9967
3058 16565967 5463
3059 16571430 1566
3060 16572996 2530
3061 16575526 2502
3062 16578028 1922
3063 16579950 4050
3064 16584000 2522
3065 16586522 4384
3066 16590906 463
3067 16591369 2602
3068 16593971 2186
3069 16596157 2620
3070 16598777 2933
3071 16601710 8510
3072 16610220 5818
3073 16616038 6498
3074 16622536 4852
3075 16627388 2598
3076 16629986 2605
3077 16632591 7897
3078 16640488 9385
3079 16649873 2273
3080 16652146 2023
3081 16654169 963
3082 16655132 530
3083 16655662 1029
3084 16656691 2805
3085 16659496 2882
3086 16662378 2105
3087 16664483 6101
3088 16670584 2154
3089 16672738 3980
3090 16676718 2524
3091 16679242 1761
3092 16681003 3376
3093 16684379 2053
3094 16686432 8934
3095 16695366 1883
3096 16697249 3256
3097 16700505 5384
3098 16705889 5924
3099 16711813 5023
3100 16716836 5966
3101 16722802 2297
3102 16725099 8834
3103 16733933 2567
3104 16736500 4808
3105 16741308 1049
3106 16742357 828
3107 16743185 4572
3108 16747757 4201
3109 16751958 3281
3110 16755239 2556
3111 16757795 3152
3112 16760947 3344
3113 16764291 5970
3114 16770261 4467
3115 16774728 1963
3116 16776691 7116
3117 16783807 6567
3118 16790374 5282
3119 16795656 4141
3120 16799797 5018
3121 16804815 6907
3122 16811722 3135
3123 16814857 4228
3124 16819085 2490
3125 16821575 1970
3126 16823545 3835
3127 16827380 22974
3128 16850354 4488
3129 16854842 4589
3130 16859431 2150
3131 16861581 10918
3132 16872499 3449
3133 16875948 5896
3134 16881844 5869
3135 16887713 4415
3136 16892128 4722
3137 16896850 6476
3138 16903326 3143
3139 16906469 5882
3140 16912351 1795
3141 16914146 2716
3142 16916862 5482
3143 16922344 5335
3144 16927679 3537
3145 16931216 6146
3146 16937362 5851
3147 16943213 4552
3148 16947765 2904
3149 16950669 4878
3150 16955547 9810
3151 16965357 5413
3152 16970770 921
3153 16971691 831
3154 16972522 2414
3155 16974936 2023
3156 16976959 1178
3157 16978137 2205
3158 16980342 13916
3159 16994258 4721
3160 16998979 2014
3161 17000993 10615
3162 17011608 1251
3163 17012859 10779
3164 17023638 3929
3165 17027567 1633
3166 17029200 3764
3167 17032964 6137
3168 17039101 5126
3169 17044227 6312
3170 17050539 3957
3171 17054496 2101
3172 17056597 3178
3173 17059775 4225
3174 17064000 3718
3175 17067718 5754
3176 17073472 5751
3177 17079223 1409
3178 17080632 3551
3179 17084183 632
3180 17084815 1862
3181 17086677 4713
3182 17091390 4528
3183 17095918 7278
3184 17103196 5770
3185 17108966 6763
3186 17115729 2503
3187 17118232 4688
3188 17122920 5566
3189 17128486 4709
3190 17133195 2436
3191 17135631 3903
3192 17139534 3656
3193 17143190 8266
3194 17151456 763
3195 17152219 869
3196 17153088 12411
3197 17165499 4872
3198 17170371 3818
3199 17174189 9856
3200 17184045 3549
3201 17187594 2330
3202 17189924 2280
3203 17192204 7550
3204 17199754 7208
3205 17206962 4104
3206 17211066 2994
3207 17214060 16679
3208 17230739 7214
3209 17237953 1980
3210 17239933 2209
3211 17242142 3060
3212 17245202 2818
3213 17248020 2460
3214 17250480 1673
3215 17252153 768
3216 17252921 1542
3217 17254463 994
3218 17255457 4167
3219 17259624 4338
3220 17263962 3318
3221 17267280 4382
3222 17271662 8281
3223 17279943 5826
3224 17285769 1479
3225 17287248 6293
3226 17293541 1295
3227 17294836 994
3228 17295830 1943
3229 17297773 2550
3230 17300323 5847
3231 17306170 2712
3232 17308882 8674
3233 17317556 2740
3234 17320296 1104
3235 17321400 2472
3236 17323872 7724
3237 17331596 2025
3238 17333621 5062
3239 17338683 2564
3240 17341247 3877
3241 17345124 8708
3242 17353832 2537
3243 17356369 3571
3244 17359940 5436
3245 17365376 2711
3246 17368087 3208
3247 17371295 2049
3248 17373344 1359
3249 17374703 5286
3250 17379989 1719
3251 17381708 1146
3252 17382854 1881
3253 17384735 1885
3254 17386620 4827
3255 17391447 1862
3256 17393309 2877
3257 17396186 10063
3258 17406249 1943
3259 17408192 2999
3260 17411191 10449
3261 17421640 4068
3262 17425708 7257
3263 17432965 3603
3264 17436568 3286
3265 17439854 9016
3266 17448870 1923
3267 17450793 2390
3268 17453183 1836
3269 17455019 1152
3270 17456171 2622
3271 17458793 1824
3272 17460617 1945
3273 17462562 18185
3274 17480747 8006
3275 17488753 3557
3276 17492310 1774
3277 17494084 1651
3278 17495735 8814
3279 17504549 2096
3280 17506645 2303
3281 17508948 1869
3282 17510817 1994
3283 17512811 2266
3284 17515077 1223
3285 17516300 13221
3286 17529521 2401
3287 17531922 2184
3288 17534106 3231
3289 17537337 3818
3290 17541155 11423
3291 17552578 3773
3292 17556351 9741
3293 17566092 1793
3294 17567885 1971
3295 17569856 2819
3296 17572675 1103
3297 17573778 1597
3298 17575375 6611
3299 17581986 5526
3300 17587512 2296
3301 17589808 1883
3302 17591691 4226
3303 17595917 2386
3304 17598303 2342
3305 17600645 8110
3306 17608755 1636
3307 17610391 4784
3308 17615175 1363
3309 17616538 1421
3310 17617959 1553
3311 17619512 1830
3312 17621342 6090
3313 17627432 2802
3314 17630234 1669
3315 17631903 3805
3316 17635708 16723
3317 17652431 8417
3318 17660848 2188
3319 17663036 11492
3320 17674528 6611
3321 17681139 2210
3322 17683349 14242
3323 17697591 6128
3324 17703719 5057
3325 17708776 1441
3326 17710217 2577
3327 17712794 2462
3328 17715256 2275
3329 17717531 1502
3330 17719033 12585
3331 17731618 1253
3332 17732871 724
3333 17733595 5889
3334 17739484 2228
3335 17741712 1437
3336 17743149 999
3337 17744148 8886
3338 17753034 3737
3339 17756771 2082
3340 17758853 3110
3341 17761963 1068
3342 17763031 1918
3343 17764949 1498
3344 17766447 777
3345 17767224 4400
3346 17771624 5993
3347 17777617 3496
3348 17781113 2893
3349 17784006 1002
3350 17785008 838
3351 17785846 1309
3352 17787155 6015
3353 17793170 1889
3354 17795059 934
3355 17795993 2092
3356 17798085 13586
3357 17811671 580
3358 17812251 1944
3359 17814195 2704
3360 17816899 2645
3361 17819544 2965
3362 17822509 1837
3363 17824346 977
3364 17825323 2263
3365 17827586 2318
3366 17829904 2523
3367 17832427 2407
3368 17834834 2458
3369 17837292 686
3370 17837978 2706
3371 17840684 1376
3372 17842060 3588
3373 17845648 1792
3374 17847440 910
3375 17848350 1232
3376 17849582 6599
3377 17856181 16108
3378 17872289 2256
3379 17874545 947
3380 17875492 903
3381 17876395 3060
3382 17879455 1991
3383 17881446 2432
3384 17883878 3916
3385 17887794 3259
3386 17891053 3922
3387 17894975 3493
3388 17898468 2616
3389 17901084 2639
3390 17903723 2784
3391 17906507 950
3392 17907457 1782
3393 17909239 6209
3394 17915448 2794
3395 17918242 1898
3396 17920140 2276
3397 17922416 2324
3398 17924740 3741
3399 17928481 6535
3400 17935016 1316
3401 17936332 3011
3402 17939343 1984
3403 17941327 1358
3404 17942685 1261
3405 17943946 1937
3406 17945883 6813
3407 17952696 1903
3408 17954599 3618
3409 17958217 2031
3410 17960248 1011
3411 17961259 2893
3412 17964152 1001
3413 17965153 6542
3414 17971695 5594
3415 17977289 1791
3416 17979080 866
3417 17979946 895
3418 17980841 2693
3419 17983534 6236
3420 17989770 4867
3421 17994637 4810
3422 17999447 960
3423 18000407 7906
3424 18008313 885
3425 18009198 2946
3426 18012144 3086
3427 18015230 1235
3428 18016465 1399
3429 18017864 8152
3430 18026016 1646
3431 18027662 2507
3432 18030169 2812
3433 18032981 1578
3434 18034559 1804
3435 18036363 1823
3436 18038186 2762
3437 18040948 2096
3438 18043044 18341
3439 18061385 1629
3440 18063014 5115
3441 18068129 2295
3442 18070424 3068
3443 18073492 7091
3444 18080583 4496
3445 18085079 3255
3446 18088334 1276
3447 18089610 6019
3448 18095629 1136
3449 18096765 2349
3450 18099114 2172
3451 18101286 5453
3452 18106739 5291
3453 18112030 10080
3454 18122110 4639
3455 18126749 2865
3456 18129614 1127
3457 18130741 1041
3458 18131782 1013
3459 18132795 1176
3460 18133971 2814
3461 18136785 809
3462 18137594 6832
3463 18144426 3848
3464 18148274 9464
3465 18157738 6824
3466 18164562 2689
3467 18167251 4184
3468 18171435 8807
3469 18180242 3043
3470 18183285 3389
3471 18186674 11023
3472 18197697 23463
3473 18221160 3562
3474 18224722 3051
3475 18227773 6499
3476 18234272 2921
3477 18237193 4660
3478 18241853 7136
3479 18248989 1045
3480 18250034 5107
3481 18255141 9044
3482 18264185 5640
3483 18269825 7908
3484 18277733 986
3485 18278719 4041
3486 18282760 3316
3487 18286076 3864
3488 18289940 2644
3489 18292584 3823
3490 18296407 5182
3491 18301589 11157
3492 18312746 11043
3493 18323789 12914
3494 18336703 2387
3495 18339090 5094
3496 18344184 3518
3497 18347702 2139
3498 18349841 6329
3499 18356170 2384
3500 18358554 2027
3501 18360581 9909
3502 18370490 9672
3503 18380162 2919
3504 18383081 4991
3505 18388072 3366
3506 18391438 2056
3507 18393494 11686
3508 18405180 6558
3509 18411738 5708
3510 18417446 6196
3511 18423642 1413
3512 18425055 1922
3513 18426977 3747
3514 18430724 336
3515 18431060 4356
3516 18435416 2820
3517 18438236 8837
3518 18447073 7723
3519 18454796 7653
3520 18462449 10281
3521 18472730 3333
3522 18476063 3137
3523 18479200 1912
3524 18481112 7634
3525 18488746 3644
3526 18492390 3044
3527 18495434 1289
3528 18496723 13595
3529 18510318 12147
3530 18522465 11980
3531 18534445 10847
3532 18545292 2724
3533 18548016 881
3534 18548897 3032
3535 18551929 6726
3536 18558655 2753
3537 18561408 10660
3538 18572068 7026
3539 18579094 1649
3540 18580743 7919
3541 18588662 3014
3542 18591676 8817
3543 18600493 4753
3544 18605246 3122
3545 18608368 6702
3546 18615070 10419
3547 18625489 3279
3548 18628768 4701
3549 18633469 4359
3550 18637828 1952
3551 18639780 6928
3552 18646708 5961
3553 18652669 5644
3554 18658313 8554
3555 18666867 1887
3556 18668754 2926
3557 18671680 5144
3558 18676824 6861
3559 18683685 5304
3560 18688989 9052
3561 18698041 4223
3562 18702264 7921
3563 18710185 41608
3564 18751793 5923
3565 18757716 18556
3566 18776272 5885
3567 18782157 3000
3568 18785157 11045
3569 18796202 3932
3570 18800134 4962
3571 18805096 5595
3572 18810691 5176
3573 18815867 5433
3574 18821300 6856
3575 18828156 6672
3576 18834828 4847
3577 18839675 4318
3578 18843993 9332
3579 18853325 8754
3580 18862079 5846
3581 18867925 4373
3582 18872298 7927
3583 18880225 8245
3584 18888470 5797
3585 18894267 5583
3586 18899850 4633
3587 18904483 5147
3588 18909630 20787
3589 18930417 4067
3590 18934484 6756
3591 18941240 5529
3592 18946769 3225
3593 18949994 4021
3594 18954015 4544
3595 18958559 3924
3596 18962483 4862
3597 18967345 12361
3598 18979706 4526
3599 18984232 8693
3600 18992925 8422
3601 19001347 8640
3602 19009987 7601
3603 19017588 1873
3604 19019461 5439
3605 19024900 17463
3606 19042363 4780
3607 19047143 10144
3608 19057287 5496
3609 19062783 6786
3610 19069569 4702
3611 19074271 4141
3612 19078412 4286
3613 19082698 3853
3614 19086551 3866
3615 19090417 19105
3616 19109522 5761
3617 19115283 5532
3618 19120815 3605
3619 19124420 11746
3620 19136166 8064
3621 19144230 2268
3622 19146498 6521
3623 19153019 4446
3624 19157465 20469
3625 19177934 4418
3626 19182352 3671
3627 19186023 13154
3628 19199177 7202
3629 19206379 27695
3630 19234074 11750
3631 19245824 7253
3632 19253077 6135
3633 19259212 6510
3634 19265722 25259
3635 19290981 1835
3636 19292816 3086
3637 19295902 1578
3638 19297480 3420
3639 19300900 1245
3640 19302145 1878
3641 19304023 7266
3642 19311289 1225
3643 19312514 4655
3644 19317169 1944
3645 19319113 2352
3646 19321465 5458
3647 19326923 5217
3648 19332140 2739
3649 19334879 385
3650 19335264 1646
3651 19336910 1581
3652 19338491 2394
3653 19340885 1593
3654 19342478 1162
3655 19343640 2872
3656 19346512 1210
3657 19347722 379
3658 19348101 5122
3659 19353223 1514
3660 19354737 974
3661 19355711 4342
3662 19360053 1440
3663 19361493 3457
3664 19364950 2856
3665 19367806 586
3666 19368392 1389
3667 19369781 1319
3668 19371100 2617
3669 19373717 1297
3670 19375014 8935
3671 19383949 1416
3672 19385365 8223
3673 19393588 7501
3674 19401089 1799
3675 19402888 1779
3676 19404667 2324
3677 19406991 1442
3678 19408433 530
3679 19408963 1474
3680 19410437 2454
3681 19412891 5423
3682 19418314 1723
3683 19420037 13495
3684 19433532 2238
3685 19435770 859
3686 19436629 968
3687 19437597 1109
3688 19438706 2099
3689 19440805 855
3690 19441660 13329
3691 19454989 1882
3692 19456871 3245
3693 19460116 4246
3694 19464362 1196
3695 19465558 2395
3696 19467953 1309
3697 19469262 5062
3698 19474324 466
3699 19474790 8211
3700 19483001 1227
3701 19484228 1881
3702 19486109 2886
3703 19488995 1624
3704 19490619 1340
3705 19491959 7722
3706 19499681 3765
3707 19503446 1107
3708 19504553 3779
3709 19508332 1791
3710 19510123 3202
3711 19513325 1458
3712 19514783 590
3713 19515373 876
3714 19516249 5062
3715 19521311 1353
3716 19522664 6900
3717 19529564 2860
3718 19532424 493
3719 19532917 4697
3720 19537614 570
3721 19538184 1605
3722 19539789 2282
3723 19542071 3009
3724 19545080 3408
3725 19548488 1475
3726 19549963 1652
3727 19551615 1235
3728 19552850 1550
3729 19554400 2449
3730 19556849 633
3731 19557482 9064
3732 19566546 1620
3733 19568166 1353
3734 19569519 11814
3735 19581333 15768
3736 19597101 12405
3737 19609506 20033
3738 19629539 11757
3739 19641296 11998
3740 19653294 11001
3741 19664295 15249
3742 19679544 21691
3743 19701235 14950
3744 19716185 6155
3745 19722340 723
3746 19723063 1112
3747 19724175 3375
3748 19727550 7836
3749 19735386 770
3750 19736156 1922
3751 19738078 3593
3752 19741671 2472
3753 19744143 11154
3754 19755297 9019
3755 19764316 8679
3756 19772995 4861
3757 19777856 3003
3758 19780859 4352
3759 19785211 5558
3760 19790769 8300
3761 19799069 3676
3762 19802745 3199
3763 19805944 959
3764 19806903 1328
3765 19808231 2191
3766 19810422 8433
3767 19818855 1668
3768 19820523 14504
3769 19835027 8023
3770 19843050 5784
3771 19848834 27325
3772 19876159 4167
3773 19880326 5313
3774 19885639 10624
3775 19896263 10849
3776 19907112 4899
3777 19912011 6837
3778 19918848 10957
3779 19929805 17775
3780 19947580 6686
3781 19954266 12958
3782 19967224 7170
3783 19974394 5544
3784 19979938 2026
3785 19981964 4130
3786 19986094 4991
3787 19991085 4261
3788 19995346 12647
3789 20007993 10618
3790 20018611 9788
3791 20028399 7898
3792 20036297 6760
3793 20043057 5041
3794 20048098 4098
3795 20052196 4356
3796 20056552 3957
3797 20060509 3466
3798 20063975 14413
3799 20078388 13224
3800 20091612 4545
3801 20096157 2995
3802 20099152 6052
3803 20105204 19361
3804 20124565 5101
3805 20129666 950
3806 20130616 1480
3807 20132096 5424
3808 20137520 5207
3809 20142727 2185
3810 20144912 15180
3811 20160092 10361
3812 20170453 9062
3813 20179515 12276
3814 20191791 384
3815 20192175 10296
3816 20202471 9650
3817 20212121 2613
3818 20214734 9387
3819 20224121 9580
3820 20233701 4213
3821 20237914 6700
3822 20244614 11819
3823 20256433 2643
3824 20259076 15849
3825 20274925 5408
3826 20280333 1591
3827 20281924 3241
